RELIANCE,20000103,118.75,158.95,118.75,157.28,76331.25
RELIANCE,20000111,153.97,160.82,141.07,158.15,55190.46
RELIANCE,20000117,159.12,164.20,152.78,163.18,64859.68
RELIANCE,20000124,162.75,170.95,159.12,169.18,49665.06
RELIANCE,20000131,167.22,173.68,163.28,172.07,44728.42
RELIANCE,20000207,172.50,187.00,169.03,181.65,45109.33
RELIANCE,20000214,179.50,180.45,171.03,174.72,33829.61
RELIANCE,20000221,174.20,176.00,163.05,164.30,19712.62
RELIANCE,20000228,162.43,171.43,134.22,134.22,42935.02
RELIANCE,20000306,134.22,141.93,107.30,108.42,39650.50
RELIANCE,20000313,104.62,123.90,98.58,117.42,37707.34
RELIANCE,20000321,119.40,124.25,113.80,120.30,18893.63
RELIANCE,20000327,122.50,158.22,121.50,158.22,42865.44
RELIANCE,20000403,163.82,176.12,139.12,176.12,87995.10
RELIANCE,20000410,184.95,190.00,155.47,155.47,49359.35
RELIANCE,20000417,143.05,170.03,143.05,168.88,60389.16
RELIANCE,20000424,173.00,183.00,155.82,172.53,93750.20
RELIANCE,20000502,172.75,177.32,154.60,167.68,53116.82
RELIANCE,20000508,165.50,168.50,156.65,157.95,29244.90
RELIANCE,20000515,156.03,164.20,153.25,157.80,30083.28
RELIANCE,20000522,156.50,159.00,154.25,158.22,17451.18
RELIANCE,20000529,159.25,178.40,159.00,168.72,37175.76
RELIANCE,20000605,168.85,176.35,168.05,170.60,35535.88
RELIANCE,20000612,171.20,173.25,163.75,166.12,26078.66
RELIANCE,20000619,166.88,177.32,161.62,168.88,44462.64
RELIANCE,20000626,167.50,172.85,164.12,170.40,26809.57
RELIANCE,20000703,174.75,182.95,169.00,180.60,51217.60
RELIANCE,20000710,181.50,188.85,179.32,180.60,38961.58
RELIANCE,20000717,181.45,182.45,171.12,171.95,33216.26
RELIANCE,20000724,170.53,175.40,160.10,170.22,31101.98
RELIANCE,20000731,169.00,171.88,164.57,165.05,14051.18
RELIANCE,20000807,164.50,169.00,162.07,164.62,10981.14
RELIANCE,20000814,162.50,172.70,161.15,168.47,15632.58
RELIANCE,20000821,168.10,173.00,165.62,166.80,14676.01
RELIANCE,20000828,166.75,170.40,164.65,168.28,9162.88
RELIANCE,20000904,169.75,187.50,169.12,185.45,34896.00
RELIANCE,20000911,187.40,194.90,181.57,182.97,25303.78
RELIANCE,20000918,181.50,181.50,167.00,169.18,21602.44
RELIANCE,20000925,171.03,177.50,167.20,171.25,20575.65
RELIANCE,20001003,170.03,174.25,168.28,170.20,8613.28
RELIANCE,20001009,170.50,173.25,152.55,159.15,15303.04
RELIANCE,20001016,160.50,167.20,143.50,149.05,24756.94
RELIANCE,20001023,149.00,155.00,141.68,151.47,18844.97
RELIANCE,20001030,152.25,160.38,147.15,157.82,20664.48
RELIANCE,20001106,158.47,161.35,155.07,155.57,19528.32
RELIANCE,20001113,155.03,158.70,150.57,155.43,15722.70
RELIANCE,20001120,155.28,158.45,152.62,156.68,12499.12
RELIANCE,20001127,157.00,166.20,156.75,164.05,21787.51
RELIANCE,20001204,164.45,172.35,164.45,169.70,18253.69
RELIANCE,20001211,170.45,176.40,168.15,168.97,22849.09
RELIANCE,20001218,167.50,173.50,165.03,169.10,17229.53
RELIANCE,20001226,168.53,170.95,162.00,169.47,14551.49
RELIANCE,20010101,170.00,183.45,169.50,182.15,31919.14
RELIANCE,20010108,181.25,183.72,174.57,177.28,22560.54
RELIANCE,20010115,177.03,186.90,176.00,184.55,25833.20
RELIANCE,20010122,184.50,192.25,184.05,190.85,25812.49
RELIANCE,20010129,190.00,202.50,180.50,197.25,44358.41
RELIANCE,20010205,196.55,201.25,195.12,199.45,32109.45
RELIANCE,20010212,198.12,214.68,197.62,211.22,51469.94
RELIANCE,20010219,211.50,213.53,204.30,205.65,44713.74
RELIANCE,20010226,205.10,225.50,198.65,209.55,52235.47
RELIANCE,20010305,210.25,212.50,199.30,204.75,25341.93
RELIANCE,20010312,204.55,209.25,187.70,192.00,17996.19
RELIANCE,20010319,190.50,204.40,182.62,189.78,13814.43
RELIANCE,20010326,190.00,202.93,188.05,194.78,13644.43
RELIANCE,20010402,193.25,197.50,187.28,191.38,6946.54
RELIANCE,20010409,190.10,191.85,146.05,148.68,20729.50
RELIANCE,20010416,146.30,189.30,145.00,179.43,31434.45
RELIANCE,20010423,177.50,182.95,166.30,172.68,28921.83
RELIANCE,20010430,174.35,176.70,167.00,171.85,15836.52
RELIANCE,20010507,171.50,180.65,169.78,177.68,12184.34
RELIANCE,20010514,177.50,192.53,174.07,187.43,20336.44
RELIANCE,20010521,186.00,198.85,185.80,196.78,17914.31
RELIANCE,20010528,197.00,203.47,189.05,190.12,15707.68
RELIANCE,20010604,191.00,191.47,178.57,185.20,14437.19
RELIANCE,20010611,185.00,189.15,176.55,178.80,14389.54
RELIANCE,20010618,177.55,178.50,167.50,171.20,14031.51
RELIANCE,20010625,170.35,186.72,167.78,184.25,11635.38
RELIANCE,20010702,185.40,197.50,160.50,162.85,11757.32
RELIANCE,20010709,162.00,175.38,158.05,172.00,8779.86
RELIANCE,20010716,169.45,171.00,155.25,156.95,7209.23
RELIANCE,20010723,155.00,158.25,150.00,153.03,5813.61
RELIANCE,20010730,152.72,161.12,151.65,158.60,12395.68
RELIANCE,20010806,158.50,170.72,157.62,169.90,10825.61
RELIANCE,20010813,169.75,170.45,158.12,158.78,10519.86
RELIANCE,20010820,157.50,169.00,157.10,157.57,7067.49
RELIANCE,20010827,159.00,160.70,154.78,155.57,10603.94
RELIANCE,20010903,155.50,159.00,153.03,153.85,6267.82
RELIANCE,20010910,153.50,154.70,130.65,130.65,8132.97
RELIANCE,20010917,126.12,139.25,107.97,108.33,26829.64
RELIANCE,20010924,108.75,132.95,101.80,132.30,40958.15
RELIANCE,20011001,132.00,135.75,121.05,125.33,37469.36
RELIANCE,20011008,121.00,136.40,120.25,133.53,33230.84
RELIANCE,20011015,132.80,143.35,131.50,138.25,18040.95
RELIANCE,20011022,138.38,141.70,130.88,131.95,10310.91
RELIANCE,20011029,133.00,135.20,124.12,131.47,19392.12
RELIANCE,20011105,131.70,133.50,125.92,132.03,11891.01
RELIANCE,20011112,132.45,139.85,131.65,139.03,9375.40
RELIANCE,20011119,142.05,155.50,142.05,145.95,15961.88
RELIANCE,20011126,147.85,152.45,142.65,144.97,8657.82
RELIANCE,20011203,145.55,162.25,143.00,156.00,13281.53
RELIANCE,20011210,155.50,159.97,147.82,155.15,10397.63
RELIANCE,20011218,155.00,157.28,151.30,155.18,6863.14
RELIANCE,20011224,153.00,156.50,144.60,150.95,6330.12
RELIANCE,20011231,152.00,162.88,147.62,160.53,8589.18
RELIANCE,20020107,159.50,167.75,157.80,163.40,16391.22
RELIANCE,20020114,165.50,172.00,154.25,155.80,11914.38
RELIANCE,20020121,156.50,159.40,154.53,157.40,5649.83
RELIANCE,20020128,158.00,162.00,148.80,150.32,16514.61
RELIANCE,20020204,153.25,158.95,145.18,155.60,21973.24
RELIANCE,20020211,157.00,159.90,153.55,157.80,15687.20
RELIANCE,20020218,159.00,161.50,156.25,157.45,10505.21
RELIANCE,20020225,157.60,165.12,152.53,161.15,21457.67
RELIANCE,20020304,167.00,170.00,152.82,153.47,23062.27
RELIANCE,20020311,154.72,154.72,145.75,154.03,15153.43
RELIANCE,20020318,155.35,156.40,148.55,151.90,9120.83
RELIANCE,20020326,151.20,151.70,147.43,150.15,6614.72
RELIANCE,20020401,150.82,159.95,148.78,152.85,18273.58
RELIANCE,20020408,153.62,154.10,147.20,149.12,7634.48
RELIANCE,20020415,149.00,149.93,141.12,142.35,6947.44
RELIANCE,20020422,142.50,159.90,140.12,144.25,11841.88
RELIANCE,20020429,144.50,144.97,136.32,143.93,9450.85
RELIANCE,20020506,144.03,147.70,142.55,144.03,6853.82
RELIANCE,20020513,145.00,145.00,137.57,140.40,7058.40
RELIANCE,20020520,144.85,144.90,124.30,135.30,15449.60
RELIANCE,20020527,137.35,137.50,127.85,131.75,10250.96
RELIANCE,20020603,133.78,138.75,131.10,137.38,10118.85
RELIANCE,20020610,138.55,145.70,138.55,140.93,7354.72
RELIANCE,20020617,142.95,144.50,139.47,141.95,6133.18
RELIANCE,20020624,142.50,142.50,132.50,134.70,18710.96
RELIANCE,20020701,135.03,137.00,131.12,131.65,7377.60
RELIANCE,20020708,130.00,139.47,130.00,132.65,15103.77
RELIANCE,20020715,133.50,133.65,125.90,129.90,11085.98
RELIANCE,20020722,128.50,129.90,121.95,122.70,14878.20
RELIANCE,20020729,122.28,126.40,119.40,121.42,14790.95
RELIANCE,20020805,122.50,123.42,114.80,117.33,13350.21
RELIANCE,20020812,118.88,122.00,117.15,121.40,10387.50
RELIANCE,20020819,122.05,125.53,122.05,124.88,10519.87
RELIANCE,20020826,125.03,130.00,122.10,127.75,9381.82
RELIANCE,20020902,130.00,135.47,130.00,132.82,15845.91
RELIANCE,20020909,132.45,133.00,128.25,129.50,11025.91
RELIANCE,20020916,130.00,131.47,126.53,127.75,7947.26
RELIANCE,20020923,128.50,130.97,126.00,128.97,9112.19
RELIANCE,20020930,128.62,130.00,117.53,118.08,13182.96
RELIANCE,20021007,117.50,125.50,117.30,119.80,7585.81
RELIANCE,20021014,120.50,123.67,120.00,121.45,5642.61
RELIANCE,20021021,122.00,122.10,110.78,111.53,10869.44
RELIANCE,20021028,111.40,134.70,109.03,128.88,71526.00
RELIANCE,20021104,131.53,135.68,127.00,129.00,26115.09
RELIANCE,20021111,129.00,134.88,126.83,134.10,26612.75
RELIANCE,20021118,134.00,144.20,133.55,142.68,31990.83
RELIANCE,20021125,142.25,147.90,140.88,143.95,45339.30
RELIANCE,20021202,144.95,150.88,143.40,148.07,33106.64
RELIANCE,20021209,149.50,152.12,144.00,148.47,24700.76
RELIANCE,20021216,151.00,151.00,142.93,145.40,22698.70
RELIANCE,20021223,145.97,153.20,141.10,149.45,38480.12
RELIANCE,20021230,148.50,150.75,143.55,143.97,19410.84
RELIANCE,20030106,143.82,149.50,142.07,148.53,18829.22
RELIANCE,20030113,148.50,148.65,143.70,146.18,13827.24
RELIANCE,20030120,146.28,150.00,140.62,141.32,14581.86
RELIANCE,20030127,141.12,155.00,131.65,137.53,30728.99
RELIANCE,20030203,141.00,143.40,138.28,140.38,18833.31
RELIANCE,20030210,140.35,142.45,139.28,142.05,11722.48
RELIANCE,20030217,143.70,147.95,143.53,147.45,13416.03
RELIANCE,20030224,148.57,151.88,145.15,147.38,30049.62
RELIANCE,20030303,147.50,150.60,139.00,140.50,20785.71
RELIANCE,20030310,140.45,143.70,137.05,138.97,14224.04
RELIANCE,20030317,139.00,147.95,137.62,146.75,20753.58
RELIANCE,20030324,146.45,146.45,138.57,142.72,15830.29
RELIANCE,20030331,140.55,147.05,137.80,146.72,15662.89
RELIANCE,20030407,147.62,151.00,141.05,146.43,17504.77
RELIANCE,20030415,146.50,146.60,137.07,139.07,11974.56
RELIANCE,20030421,140.00,142.22,133.50,134.10,33883.92
RELIANCE,20030428,134.00,137.75,132.38,136.72,12789.51
RELIANCE,20030505,137.50,138.00,128.57,130.53,17089.15
RELIANCE,20030512,131.00,134.90,129.12,134.32,12936.37
RELIANCE,20030519,134.53,137.60,132.25,135.12,12625.62
RELIANCE,20030526,135.00,151.00,134.50,149.30,25687.32
RELIANCE,20030602,149.50,158.43,145.62,156.75,24158.57
RELIANCE,20030609,159.72,159.72,150.88,156.47,20679.10
RELIANCE,20030616,157.57,168.88,150.57,167.72,43384.54
RELIANCE,20030623,167.22,167.22,159.50,162.38,28829.57
RELIANCE,20030630,162.50,168.65,161.30,166.47,33293.47
RELIANCE,20030707,167.00,168.75,161.62,165.35,19092.71
RELIANCE,20030714,166.50,175.00,166.50,169.62,29488.35
RELIANCE,20030721,170.60,175.50,163.70,174.80,28109.57
RELIANCE,20030728,175.28,180.93,165.00,177.53,36231.43
RELIANCE,20030804,176.75,182.22,171.80,181.65,33268.51
RELIANCE,20030811,179.25,194.40,177.78,179.30,17852.03
RELIANCE,20030818,179.50,192.38,177.50,190.85,27524.39
RELIANCE,20030825,193.00,212.35,183.55,200.35,34342.14
RELIANCE,20030901,199.12,210.80,199.12,209.93,33360.01
RELIANCE,20030908,211.05,221.20,208.00,209.57,34721.75
RELIANCE,20030915,209.50,209.90,196.00,202.03,45391.10
RELIANCE,20030922,205.95,216.25,198.88,213.15,36159.67
RELIANCE,20030929,255.00,255.00,213.88,224.28,23951.42
RELIANCE,20031006,224.25,236.00,211.25,235.45,28003.53
RELIANCE,20031013,235.43,248.95,232.57,244.78,41240.44
RELIANCE,20031020,246.50,247.50,185.00,235.32,29065.14
RELIANCE,20031027,237.50,243.88,228.57,243.22,25866.98
RELIANCE,20031103,243.47,253.00,239.85,241.07,37964.09
RELIANCE,20031110,255.00,255.00,231.10,232.45,24621.90
RELIANCE,20031117,233.57,238.70,223.10,229.72,24845.72
RELIANCE,20031124,230.93,244.95,227.05,243.53,20751.54
RELIANCE,20031201,245.05,256.00,242.90,246.53,37573.62
RELIANCE,20031208,244.57,252.00,238.68,245.65,36458.80
RELIANCE,20031215,246.00,261.48,246.00,260.35,38755.87
RELIANCE,20031222,260.57,266.35,217.50,265.10,16682.08
RELIANCE,20031229,266.50,294.45,266.10,292.60,39288.45
RELIANCE,20040105,292.50,302.82,282.02,289.32,31941.86
RELIANCE,20040112,289.00,302.95,284.10,290.55,31352.82
RELIANCE,20040119,290.57,298.90,263.62,278.93,37610.59
RELIANCE,20040127,281.02,294.62,279.00,280.27,36387.16
RELIANCE,20040203,281.00,289.25,274.45,287.70,28053.75
RELIANCE,20040209,289.25,310.00,289.25,297.70,30642.76
RELIANCE,20040216,299.00,305.25,290.02,293.73,44589.67
RELIANCE,20040223,294.50,297.00,269.50,277.35,47653.21
RELIANCE,20040301,284.50,293.75,278.15,293.07,23138.82
RELIANCE,20040308,294.00,300.00,277.52,281.30,24486.44
RELIANCE,20040315,283.52,284.90,257.68,261.62,42168.62
RELIANCE,20040322,254.55,265.15,252.62,262.85,37320.19
RELIANCE,20040329,263.07,325.00,262.38,282.90,32431.69
RELIANCE,20040405,283.50,291.20,282.32,286.48,22415.73
RELIANCE,20040412,287.75,290.60,277.70,283.07,16867.14
RELIANCE,20040419,281.75,287.40,274.00,283.65,19155.19
RELIANCE,20040427,280.00,312.55,261.10,263.23,37224.07
RELIANCE,20040503,263.50,316.52,257.85,266.20,27629.71
RELIANCE,20040510,264.85,264.85,235.60,238.55,45316.68
RELIANCE,20040517,235.00,235.95,190.85,219.75,50531.71
RELIANCE,20040524,225.00,234.00,213.10,216.35,36221.23
RELIANCE,20040531,215.75,226.10,206.25,216.75,33525.18
RELIANCE,20040607,217.50,229.12,215.00,215.85,27253.24
RELIANCE,20040614,214.50,228.47,212.25,222.38,29412.70
RELIANCE,20040621,223.10,223.95,204.57,215.80,42337.93
RELIANCE,20040628,215.25,223.62,214.00,216.95,31866.32
RELIANCE,20040705,217.20,223.45,200.00,219.45,35915.62
RELIANCE,20040712,218.50,220.00,207.62,212.22,27750.57
RELIANCE,20040719,213.00,234.35,210.50,233.12,40664.13
RELIANCE,20040726,233.00,245.25,230.05,244.45,44252.44
RELIANCE,20040802,244.00,252.35,241.78,246.95,33971.66
RELIANCE,20040809,246.00,249.72,235.65,238.45,31563.99
RELIANCE,20040816,237.07,277.50,231.25,231.70,24816.12
RELIANCE,20040823,232.00,233.18,224.25,229.10,32941.45
RELIANCE,20040830,230.55,239.70,230.55,236.90,19756.33
RELIANCE,20040906,237.55,244.38,237.28,243.93,21281.91
RELIANCE,20040913,245.45,255.00,241.38,254.57,23058.57
RELIANCE,20040920,256.00,256.00,247.53,249.43,26027.08
RELIANCE,20040927,248.00,267.50,245.85,266.62,29452.74
RELIANCE,20041004,266.50,282.20,266.50,277.23,27830.04
RELIANCE,20041011,277.50,279.12,266.55,273.15,16808.68
RELIANCE,20041018,274.50,283.50,268.30,269.60,23148.07
RELIANCE,20041025,270.00,300.00,263.62,264.57,39728.43
RELIANCE,20041101,265.95,293.50,262.85,270.18,23702.24
RELIANCE,20041108,272.00,275.98,269.27,272.77,18064.21
RELIANCE,20041116,273.50,274.80,261.62,263.68,24178.87
RELIANCE,20041122,259.40,269.40,250.05,251.68,47811.91
RELIANCE,20041129,249.00,273.95,243.50,271.85,55712.27
RELIANCE,20041206,272.00,273.50,247.82,249.60,36626.31
RELIANCE,20041213,249.50,254.00,239.32,240.28,41471.59
RELIANCE,20041220,242.50,262.85,236.05,261.70,59831.87
RELIANCE,20041227,260.00,273.50,253.18,266.85,44772.47
RELIANCE,20050103,269.70,275.00,258.07,271.12,34445.74
RELIANCE,20050110,272.57,273.95,255.55,256.95,27746.09
RELIANCE,20050117,257.50,261.20,252.10,255.75,18335.65
RELIANCE,20050124,256.75,261.73,245.00,261.12,27497.44
RELIANCE,20050131,262.50,273.68,261.35,268.57,26321.09
RELIANCE,20050207,298.90,298.90,264.32,273.70,17881.36
RELIANCE,20050214,275.95,276.62,265.07,267.10,18513.08
RELIANCE,20050221,267.12,276.75,265.80,270.07,22133.32
RELIANCE,20050228,270.10,286.70,267.93,286.02,32851.29
RELIANCE,20050307,277.60,300.40,277.60,293.98,33418.38
RELIANCE,20050314,293.65,295.95,277.57,285.93,22265.12
RELIANCE,20050321,286.50,288.40,269.65,280.00,29209.76
RELIANCE,20050328,281.00,286.65,269.55,282.30,25931.67
RELIANCE,20050404,283.50,288.45,276.70,278.43,18749.79
RELIANCE,20050411,278.50,278.50,263.02,264.88,11180.08
RELIANCE,20050418,263.50,274.90,256.00,273.75,24071.45
RELIANCE,20050425,272.50,279.75,262.55,264.02,32005.04
RELIANCE,20050502,264.75,275.25,262.32,274.55,14997.43
RELIANCE,20050509,274.62,277.88,267.00,268.12,14030.21
RELIANCE,20050516,268.75,271.85,257.80,260.23,17753.40
RELIANCE,20050523,262.00,269.70,261.00,265.62,21710.01
RELIANCE,20050530,265.75,277.90,262.20,276.57,25329.05
RELIANCE,20050606,277.00,284.70,272.50,283.27,26005.84
RELIANCE,20050613,283.45,302.77,280.32,300.12,27297.86
RELIANCE,20050620,312.50,330.00,308.18,327.32,66271.04
RELIANCE,20050627,324.00,337.50,313.57,320.05,41994.22
RELIANCE,20050704,321.00,324.75,304.65,310.15,26149.92
RELIANCE,20050711,309.07,335.00,309.07,333.32,27520.89
RELIANCE,20050718,333.50,345.70,329.10,344.77,27752.63
RELIANCE,20050725,345.70,355.95,340.10,351.68,25088.22
RELIANCE,20050801,351.50,379.95,348.25,362.88,62190.89
RELIANCE,20050808,374.90,399.50,351.07,352.10,40391.00
RELIANCE,20050816,352.25,375.00,347.50,352.88,27356.67
RELIANCE,20050822,354.85,356.80,341.52,349.38,29422.47
RELIANCE,20050829,353.00,366.30,346.52,365.25,26085.94
RELIANCE,20050905,366.00,372.75,362.75,370.82,16233.85
RELIANCE,20050912,372.62,383.93,367.55,382.02,22805.57
RELIANCE,20050919,387.20,420.00,369.55,373.88,43948.51
RELIANCE,20050926,375.00,406.70,375.00,396.77,36334.94
RELIANCE,20051003,392.50,404.95,387.85,394.20,26948.24
RELIANCE,20051010,394.50,396.45,380.75,381.93,20852.50
RELIANCE,20051017,388.70,390.70,367.50,385.60,38367.94
RELIANCE,20051024,385.10,389.70,368.75,370.80,30892.14
RELIANCE,20051031,368.75,389.95,368.75,388.85,11590.13
RELIANCE,20051107,382.45,402.12,382.45,397.70,21952.82
RELIANCE,20051114,397.50,417.50,367.50,413.07,18674.44
RELIANCE,20051121,413.00,424.20,407.50,421.32,28320.40
RELIANCE,20051128,423.00,432.93,414.55,419.70,28313.93
RELIANCE,20051205,423.50,432.45,414.50,431.68,25367.59
RELIANCE,20051212,433.05,437.25,419.55,424.68,20731.40
RELIANCE,20051219,427.00,434.88,420.10,421.45,21362.72
RELIANCE,20051226,420.00,450.43,413.50,444.65,36085.32
RELIANCE,20060102,446.50,468.00,445.07,460.35,24555.13
RELIANCE,20060109,461.50,462.75,431.55,442.57,45649.23
RELIANCE,20060116,444.00,468.50,290.05,352.10,135558.45
RELIANCE,20060123,351.00,357.00,342.50,349.32,35144.80
RELIANCE,20060130,350.00,359.90,347.50,348.30,26855.89
RELIANCE,20060206,347.50,361.77,341.75,359.80,28244.50
RELIANCE,20060213,357.50,362.18,345.00,346.57,26128.33
RELIANCE,20060220,347.00,353.70,344.50,351.43,18135.34
RELIANCE,20060227,351.50,359.50,347.65,357.88,25650.66
RELIANCE,20060306,358.50,370.00,355.75,365.73,26628.09
RELIANCE,20060313,365.75,390.98,364.57,387.52,22915.93
RELIANCE,20060320,388.35,397.50,379.30,391.10,18657.20
RELIANCE,20060327,393.00,404.00,393.00,397.68,18343.64
RELIANCE,20060403,400.50,423.15,400.50,416.73,17766.91
RELIANCE,20060410,416.50,429.35,410.55,423.25,22737.40
RELIANCE,20060417,425.00,504.00,423.05,487.48,45418.04
RELIANCE,20060424,487.50,525.00,475.50,504.45,31109.30
RELIANCE,20060502,512.50,560.40,510.55,549.62,25880.47
RELIANCE,20060508,557.50,592.20,528.50,533.42,45886.81
RELIANCE,20060515,535.00,545.98,480.75,489.05,51643.18
RELIANCE,20060522,497.50,499.50,420.00,479.25,48495.91
RELIANCE,20060529,481.00,489.00,456.00,479.05,31013.32
RELIANCE,20060605,481.00,485.35,403.50,461.38,49026.53
RELIANCE,20060612,459.00,474.00,421.60,460.80,35823.37
RELIANCE,20060619,459.00,508.25,451.50,505.95,25913.56
RELIANCE,20060626,507.50,532.00,481.07,529.92,37936.56
RELIANCE,20060703,530.83,549.50,513.12,515.80,23256.46
RELIANCE,20060710,518.00,550.00,505.55,534.55,21870.46
RELIANCE,20060717,529.00,534.20,477.80,483.77,29908.52
RELIANCE,20060724,481.00,507.90,470.75,489.52,19715.72
RELIANCE,20060731,494.00,504.00,481.12,483.90,17828.14
RELIANCE,20060807,484.00,507.50,476.00,505.50,16237.99
RELIANCE,20060814,507.50,539.25,501.10,527.95,14272.70
RELIANCE,20060821,527.50,562.50,522.50,555.33,18296.04
RELIANCE,20060828,556.50,569.95,520.00,561.25,16595.49
RELIANCE,20060904,562.52,573.00,556.25,565.40,14852.80
RELIANCE,20060911,566.00,572.00,536.55,570.30,20742.68
RELIANCE,20060918,572.50,579.45,552.52,578.00,17958.71
RELIANCE,20060925,579.90,598.40,578.00,585.88,16374.55
RELIANCE,20061003,582.62,588.17,571.50,581.42,12908.68
RELIANCE,20061009,577.50,597.98,569.25,595.35,14984.69
RELIANCE,20061016,597.50,610.90,593.30,601.77,16826.57
RELIANCE,20061023,600.00,613.55,585.00,611.35,8981.38
RELIANCE,20061030,612.50,649.50,606.08,643.85,16993.41
RELIANCE,20061106,643.00,657.98,620.67,642.65,19552.68
RELIANCE,20061113,644.00,648.00,626.17,629.62,7717.70
RELIANCE,20061120,612.62,645.25,612.62,631.17,10363.53
RELIANCE,20061127,631.00,634.85,619.95,630.52,11667.17
RELIANCE,20061204,632.50,654.50,627.80,634.58,16203.67
RELIANCE,20061211,640.00,640.00,588.17,626.85,22090.54
RELIANCE,20061218,630.00,649.00,615.00,636.27,14666.02
RELIANCE,20061226,642.45,651.50,632.60,635.08,10321.86
RELIANCE,20070102,637.50,656.00,635.15,644.08,8709.18
RELIANCE,20070108,647.00,672.50,632.05,669.75,16273.10
RELIANCE,20070115,682.40,714.00,672.05,691.38,16565.80
RELIANCE,20070122,692.50,697.48,678.83,685.30,6994.31
RELIANCE,20070129,685.00,696.95,679.30,687.52,6942.78
RELIANCE,20070205,690.00,704.00,665.00,695.90,6786.71
RELIANCE,20070212,693.50,706.85,671.00,703.48,6178.05
RELIANCE,20070219,705.00,722.20,695.50,706.62,13841.99
RELIANCE,20070226,710.00,714.90,652.55,658.10,25993.20
RELIANCE,20070305,650.00,674.90,624.10,659.10,18149.68
RELIANCE,20070312,664.95,667.30,630.62,650.08,11851.77
RELIANCE,20070319,650.55,691.90,648.55,688.02,7872.76
RELIANCE,20070326,691.50,691.50,671.27,685.15,8900.48
RELIANCE,20070402,677.50,684.48,652.62,679.42,9154.98
RELIANCE,20070409,682.50,707.95,681.00,705.98,6734.24
RELIANCE,20070416,709.05,772.50,708.62,770.73,12396.05
RELIANCE,20070423,771.50,813.30,762.65,769.60,16285.82
RELIANCE,20070430,774.90,818.00,750.50,791.58,9755.62
RELIANCE,20070507,802.50,809.00,765.62,794.55,12462.88
RELIANCE,20070514,805.00,853.00,796.75,849.23,13394.58
RELIANCE,20070521,855.00,898.90,850.55,864.02,14018.88
RELIANCE,20070528,869.95,890.00,856.40,875.62,10316.83
RELIANCE,20070604,884.50,884.50,823.55,828.52,11976.35
RELIANCE,20070611,900.00,900.00,830.12,840.95,11361.36
RELIANCE,20070618,848.90,874.40,833.25,852.55,9263.90
RELIANCE,20070625,854.00,860.00,843.17,850.27,11356.40
RELIANCE,20070702,852.00,865.83,838.05,854.95,10935.14
RELIANCE,20070709,851.45,895.35,843.08,886.52,9740.44
RELIANCE,20070716,890.00,957.50,883.62,946.08,15597.01
RELIANCE,20070723,940.00,974.25,927.50,933.75,17275.62
RELIANCE,20070730,942.50,950.90,895.60,900.58,14600.45
RELIANCE,20070806,891.50,956.25,875.70,904.52,15595.42
RELIANCE,20070813,911.00,920.00,841.60,876.45,12557.78
RELIANCE,20070820,900.00,922.50,857.65,888.17,15257.10
RELIANCE,20070827,909.00,985.00,896.00,980.45,15784.46
RELIANCE,20070903,980.45,997.00,960.62,981.45,9891.41
RELIANCE,20070910,977.50,1035.45,972.00,1017.38,10668.40
RELIANCE,20070917,1015.00,1149.50,1007.95,1140.22,12882.75
RELIANCE,20070924,1150.00,1213.00,1132.50,1149.03,18288.79
RELIANCE,20071001,1155.00,1257.50,1117.50,1246.25,18710.99
RELIANCE,20071008,1252.50,1362.35,1098.85,1282.88,27724.04
RELIANCE,20071015,1292.55,1494.50,1125.50,1234.65,32082.31
RELIANCE,20071022,1200.00,1356.90,1185.90,1349.15,22358.51
RELIANCE,20071029,1382.50,1427.22,1288.50,1356.65,22890.85
RELIANCE,20071105,1356.65,1402.00,1316.50,1367.20,15283.86
RELIANCE,20071112,1325.00,1464.00,1301.00,1440.83,20079.56
RELIANCE,20071119,1442.58,1453.00,1332.50,1405.60,16328.40
RELIANCE,20071126,1433.70,1452.47,1384.50,1425.83,15106.52
RELIANCE,20071203,1444.10,1494.00,1401.17,1420.72,12824.36
RELIANCE,20071210,1425.00,1463.00,1400.65,1444.33,15006.69
RELIANCE,20071217,1425.03,1444.00,1325.78,1356.83,14031.43
RELIANCE,20071224,1383.00,1465.00,1349.00,1447.42,11502.09
RELIANCE,20071231,1451.75,1509.90,1405.65,1496.50,13108.76
RELIANCE,20080107,1487.40,1570.00,1480.00,1563.80,19701.55
RELIANCE,20080114,1579.50,1649.00,1390.00,1399.80,22709.27
RELIANCE,20080121,1389.90,1412.50,1060.00,1307.70,32254.10
RELIANCE,20080128,1282.50,1322.50,1185.50,1271.38,15270.43
RELIANCE,20080204,1268.00,1321.00,1195.00,1213.20,13177.66
RELIANCE,20080211,1207.00,1300.00,1117.50,1296.97,18613.82
RELIANCE,20080218,1300.00,1309.00,1207.50,1217.22,8710.99
RELIANCE,20080225,1247.50,1319.00,1205.00,1231.72,12139.78
RELIANCE,20080303,1199.90,1199.90,1083.12,1124.12,13844.39
RELIANCE,20080310,1105.45,1214.20,1061.17,1161.30,18893.05
RELIANCE,20080317,1130.55,1172.50,1060.00,1079.55,12074.60
RELIANCE,20080324,1080.00,1183.95,1062.70,1176.22,16524.89
RELIANCE,20080331,1152.50,1226.40,1121.75,1160.58,14289.05
RELIANCE,20080407,1128.12,1283.50,1128.12,1275.78,15687.92
RELIANCE,20080415,1257.45,1359.00,1243.17,1320.03,10375.77
RELIANCE,20080421,1314.85,1340.00,1278.17,1312.25,14837.81
RELIANCE,20080428,1315.50,1513.00,1290.00,1337.38,9675.60
RELIANCE,20080505,1337.55,1354.50,1255.00,1264.20,12158.16
RELIANCE,20080512,1255.53,1324.00,1238.55,1317.85,11806.02
RELIANCE,20080520,1312.50,1337.50,1275.00,1278.10,9563.16
RELIANCE,20080526,1270.00,1294.90,1195.12,1201.75,14279.12
RELIANCE,20080602,1214.00,1222.00,1087.50,1119.25,22930.47
RELIANCE,20080609,1091.00,1149.95,1055.50,1135.20,23311.34
RELIANCE,20080616,1175.00,1175.00,1037.65,1049.60,15931.81
RELIANCE,20080623,1040.00,1129.95,978.12,1091.33,31679.29
RELIANCE,20080630,1090.00,1108.45,995.00,1048.95,27884.79
RELIANCE,20080707,1045.03,1060.00,965.15,1008.05,18281.08
RELIANCE,20080714,1000.00,1063.50,960.00,1056.60,19293.07
RELIANCE,20080721,1074.50,1169.22,1046.53,1073.55,21339.60
RELIANCE,20080728,1075.03,1156.50,1037.50,1148.80,16061.05
RELIANCE,20080804,1174.90,1174.90,1102.50,1125.90,19167.66
RELIANCE,20080811,1125.58,1188.00,1125.58,1138.35,12335.44
RELIANCE,20080818,1145.00,1145.00,1097.70,1122.40,11113.49
RELIANCE,20080825,1102.67,1142.50,1026.40,1068.10,15877.92
RELIANCE,20080901,1060.00,1125.00,1032.50,1040.45,10698.75
RELIANCE,20080908,1095.00,1095.00,959.85,966.33,21166.87
RELIANCE,20080915,944.85,1035.97,882.50,1027.55,27437.77
RELIANCE,20080922,1050.00,1055.00,978.10,981.60,24837.22
RELIANCE,20080929,987.50,992.50,872.83,880.73,27022.82
RELIANCE,20081006,864.50,874.50,738.50,763.80,28577.21
RELIANCE,20081013,779.00,834.00,643.40,653.02,31671.35
RELIANCE,20081020,664.98,712.50,495.00,509.75,34625.91
RELIANCE,20081027,513.58,697.48,465.00,687.73,29684.76
RELIANCE,20081103,719.50,752.60,575.65,610.38,41757.20
RELIANCE,20081110,625.15,654.38,543.67,573.38,31315.26
RELIANCE,20081117,575.00,610.92,516.05,562.17,41392.79
RELIANCE,20081124,588.27,594.40,525.50,567.23,30833.59
RELIANCE,20081201,562.65,591.00,512.50,558.80,36073.20
RELIANCE,20081208,576.10,662.00,553.50,653.55,33501.42
RELIANCE,20081215,674.50,703.50,636.10,675.65,45389.15
RELIANCE,20081222,652.50,676.20,602.00,605.08,16003.42
RELIANCE,20081229,600.00,649.95,594.00,643.20,23110.99
RELIANCE,20090105,649.50,695.00,546.83,576.62,29525.25
RELIANCE,20090112,569.85,615.50,532.50,608.67,33430.77
RELIANCE,20090119,612.30,667.50,553.55,578.08,28963.97
RELIANCE,20090127,593.00,665.40,585.00,661.80,20978.89
RELIANCE,20090202,645.00,676.40,635.58,672.42,24690.75
RELIANCE,20090209,677.50,707.05,670.50,696.20,21489.01
RELIANCE,20090216,692.23,698.52,620.00,626.70,19679.06
RELIANCE,20090224,617.50,648.50,600.67,633.02,16174.85
RELIANCE,20090302,614.35,631.85,557.65,584.95,27832.08
RELIANCE,20090309,580.50,646.90,569.08,642.12,12325.31
RELIANCE,20090316,642.12,681.00,635.50,669.60,23098.24
RELIANCE,20090323,677.00,791.70,677.00,774.38,36396.15
RELIANCE,20090330,760.55,840.00,747.50,830.67,22852.57
RELIANCE,20090406,850.00,883.92,802.50,867.88,19647.76
RELIANCE,20090413,879.98,920.00,851.17,858.48,22892.06
RELIANCE,20090420,860.00,901.00,842.35,894.42,24070.59
RELIANCE,20090427,895.50,910.00,865.50,903.12,12493.31
RELIANCE,20090504,925.50,969.05,918.00,950.15,21705.35
RELIANCE,20090511,959.50,987.70,921.50,975.35,20770.40
RELIANCE,20090519,1225.00,1250.00,1045.50,1092.88,25644.47
RELIANCE,20090525,1100.00,1153.85,1065.25,1135.95,21707.99
RELIANCE,20090601,1165.00,1165.00,1080.00,1106.38,18252.53
RELIANCE,20090608,1103.50,1189.50,1087.50,1181.05,19355.31
RELIANCE,20090615,1179.85,1179.85,988.55,1020.75,28248.10
RELIANCE,20090622,1023.85,1025.00,950.00,1014.60,24592.80
RELIANCE,20090629,1013.00,1091.50,990.00,1013.83,18608.49
RELIANCE,20090706,1024.00,1026.00,872.50,887.58,25419.29
RELIANCE,20090713,874.85,984.20,858.55,968.52,19854.42
RELIANCE,20090720,980.00,1044.35,975.00,1008.42,17550.81
RELIANCE,20090727,975.00,997.50,935.50,977.70,23111.80
RELIANCE,20090803,984.45,1062.50,979.05,998.88,19297.03
RELIANCE,20090810,1015.23,1032.00,971.65,1018.23,15953.12
RELIANCE,20090817,1004.50,1005.00,933.80,964.40,15100.86
RELIANCE,20090824,980.00,1040.00,974.30,1037.05,13729.34
RELIANCE,20090831,1032.00,1032.00,961.65,990.58,14850.05
RELIANCE,20090907,992.50,1119.95,988.25,1070.42,22201.92
RELIANCE,20090914,1067.50,1109.35,1035.50,1051.28,26067.62
RELIANCE,20090922,1064.35,1073.95,1029.00,1067.50,13743.02
RELIANCE,20090929,1072.75,1106.45,1070.00,1087.17,11834.10
RELIANCE,20091005,1079.95,1117.75,1042.05,1049.88,19920.11
RELIANCE,20091012,1060.00,1113.00,1060.00,1109.38,14440.59
RELIANCE,20091020,1122.50,1141.65,1018.80,1023.67,13061.42
RELIANCE,20091026,1025.00,1034.00,961.00,965.58,18166.81
RELIANCE,20091103,960.02,987.45,901.12,978.75,16402.69
RELIANCE,20091109,987.50,1073.00,980.80,1059.75,20154.92
RELIANCE,20091116,1074.50,1081.00,1032.50,1061.65,14382.37
RELIANCE,20091123,1080.00,1112.95,1011.00,1045.95,24054.92
RELIANCE,20091130,1062.50,1120.00,1054.00,1088.40,18890.76
RELIANCE,20091207,1088.00,1094.10,1050.00,1071.25,18442.31
RELIANCE,20091214,1068.00,1084.00,1005.00,1007.65,18184.16
RELIANCE,20091221,1001.00,1083.80,990.00,1076.30,17403.11
RELIANCE,20091229,1079.00,1096.00,1069.50,1090.55,8913.44
RELIANCE,20100104,1091.10,1149.90,1021.85,1103.15,37267.91
RELIANCE,20100111,1134.70,1149.70,1050.00,1110.75,64029.02
RELIANCE,20100118,1107.00,1116.45,1029.50,1053.85,24012.38
RELIANCE,20100125,1049.65,1054.40,1018.10,1046.20,21668.15
RELIANCE,20100201,1037.50,1056.35,975.00,981.70,19724.81
RELIANCE,20100208,985.00,1019.80,975.00,1015.15,18720.58
RELIANCE,20100215,1027.00,1038.35,977.15,983.20,17551.91
RELIANCE,20100222,995.30,1000.00,959.15,978.95,18215.76
RELIANCE,20100302,985.00,1040.00,979.40,1009.80,17690.12
RELIANCE,20100308,1021.20,1033.00,988.05,1021.60,20829.65
RELIANCE,20100315,1022.00,1096.50,1013.10,1092.05,24860.72
RELIANCE,20100322,1062.00,1111.00,1062.00,1100.45,18633.51
RELIANCE,20100329,1103.70,1109.95,1071.30,1092.05,16768.01
RELIANCE,20100405,1096.50,1149.70,1096.50,1124.70,19238.31
RELIANCE,20100412,1145.00,1145.00,1071.15,1084.25,15806.92
RELIANCE,20100419,1079.80,1096.00,1048.15,1088.20,23123.20
RELIANCE,20100426,1080.00,1097.80,1012.00,1033.60,25144.31
RELIANCE,20100503,1026.00,1060.00,976.00,1032.80,32181.71
RELIANCE,20100510,1051.00,1093.40,1035.00,1043.65,25093.87
RELIANCE,20100517,1034.70,1034.70,976.10,995.55,22835.27
RELIANCE,20100524,1018.00,1048.95,982.75,1036.65,24833.09
RELIANCE,20100531,1030.15,1048.50,1003.35,1031.20,19872.60
RELIANCE,20100607,1015.00,1050.85,995.10,1046.40,18570.68
RELIANCE,20100614,1054.90,1089.80,1049.10,1054.35,24240.01
RELIANCE,20100621,1061.00,1074.80,1043.00,1062.95,17256.12
RELIANCE,20100628,1074.00,1093.95,1057.50,1068.95,22077.46
RELIANCE,20100705,1070.00,1081.90,1051.00,1057.65,12422.56
RELIANCE,20100712,1060.00,1094.45,1052.05,1062.95,15139.95
RELIANCE,20100719,1058.10,1070.90,1047.60,1060.45,12834.53
RELIANCE,20100726,1063.50,1073.65,1007.25,1009.65,31932.60
RELIANCE,20100802,1016.00,1031.00,998.50,1000.10,20426.94
RELIANCE,20100809,1000.00,1006.00,970.00,979.10,27334.70
RELIANCE,20100816,980.00,993.40,958.35,988.65,21792.20
RELIANCE,20100823,992.05,992.05,946.55,949.60,23679.11
RELIANCE,20100830,952.10,964.80,915.00,925.70,27096.26
RELIANCE,20100906,930.95,969.70,922.30,958.55,19213.61
RELIANCE,20100913,972.00,1031.40,965.35,1027.35,29943.96
RELIANCE,20100920,1029.00,1048.50,992.10,1001.65,28194.34
RELIANCE,20100927,1008.00,1019.90,978.10,1007.90,23320.89
RELIANCE,20101004,1014.95,1055.75,1009.00,1049.65,28493.54
RELIANCE,20101011,1056.00,1081.50,1035.60,1040.35,22803.63
RELIANCE,20101018,1042.25,1093.80,1033.25,1081.80,26497.86
RELIANCE,20101025,1088.00,1110.00,1074.60,1096.25,27731.84
RELIANCE,20101101,1121.00,1124.90,1062.65,1105.70,23202.17
RELIANCE,20101108,1113.90,1120.50,1057.00,1061.85,18628.43
RELIANCE,20101115,1067.10,1067.90,987.10,996.25,19091.62
RELIANCE,20101122,1003.50,1017.80,958.30,962.35,30064.77
RELIANCE,20101129,969.50,1024.00,962.40,1005.90,26765.95
RELIANCE,20101206,1015.85,1039.70,978.75,1023.90,26385.60
RELIANCE,20101213,1024.05,1064.00,1010.00,1056.85,16888.28
RELIANCE,20101220,1045.00,1075.00,1044.60,1059.70,16257.50
RELIANCE,20101227,1058.30,1068.80,1042.25,1058.70,11511.24
RELIANCE,20110103,1065.00,1091.40,1052.60,1065.40,22404.50
RELIANCE,20110110,1065.40,1070.45,998.00,1001.50,24291.25
RELIANCE,20110117,1003.00,1008.00,954.55,986.80,25894.26
RELIANCE,20110124,995.10,995.90,902.00,913.00,23893.60
RELIANCE,20110131,908.85,947.50,888.55,920.00,29592.40
RELIANCE,20110207,925.70,938.80,885.10,909.95,27626.53
RELIANCE,20110214,906.10,963.00,894.10,935.55,22468.19
RELIANCE,20110221,936.10,1009.40,934.20,966.25,44286.25
RELIANCE,20110228,970.20,994.80,960.00,982.20,16011.92
RELIANCE,20110307,974.10,1004.40,964.00,992.05,18562.45
RELIANCE,20110314,992.95,1055.00,986.60,993.00,36287.00
RELIANCE,20110321,999.05,1029.95,981.10,1026.60,14489.14
RELIANCE,20110328,1026.25,1065.90,1014.30,1036.40,22793.05
RELIANCE,20110404,1040.00,1059.00,1020.65,1023.90,12597.49
RELIANCE,20110411,1013.00,1024.85,996.60,1020.95,10191.93
RELIANCE,20110418,1019.20,1044.70,998.75,1040.60,11901.53
RELIANCE,20110425,1014.00,1021.00,970.00,983.75,25407.10
RELIANCE,20110502,983.90,986.80,940.00,955.05,18242.25
RELIANCE,20110509,960.00,966.05,937.95,948.00,10852.74
RELIANCE,20110516,950.00,951.40,898.35,923.20,18550.22
RELIANCE,20110523,919.00,952.90,901.00,945.45,19245.03
RELIANCE,20110530,948.95,967.00,931.50,934.60,13308.02
RELIANCE,20110606,934.65,960.00,928.15,944.50,13300.85
RELIANCE,20110613,943.25,943.25,865.20,868.75,22640.26
RELIANCE,20110620,875.00,879.70,828.10,871.40,27476.97
RELIANCE,20110627,866.70,907.00,856.70,861.95,19983.26
RELIANCE,20110704,874.40,879.40,840.70,854.85,27031.95
RELIANCE,20110711,854.00,877.90,845.70,873.20,14449.60
RELIANCE,20110718,871.90,886.80,857.55,873.35,11606.47
RELIANCE,20110725,892.00,892.00,823.15,827.95,24855.19
RELIANCE,20110801,838.00,838.90,779.00,792.00,19397.18
RELIANCE,20110808,776.70,796.40,753.00,760.90,23029.93
RELIANCE,20110816,760.00,774.40,721.30,732.55,14254.36
RELIANCE,20110822,731.00,772.00,712.00,719.40,19837.22
RELIANCE,20110829,731.10,813.70,728.35,805.45,19799.92
RELIANCE,20110905,794.50,859.00,776.50,825.75,33739.17
RELIANCE,20110912,810.35,850.00,795.25,825.65,25541.16
RELIANCE,20110919,825.00,853.95,764.10,770.60,26075.69
RELIANCE,20110926,769.20,822.90,747.55,808.35,32170.69
RELIANCE,20111003,791.20,808.00,761.75,802.90,20116.92
RELIANCE,20111010,804.25,869.70,804.20,866.90,19214.15
RELIANCE,20111017,867.00,868.85,811.35,835.75,16581.19
RELIANCE,20111024,848.00,904.00,842.15,900.00,13617.05
RELIANCE,20111031,898.00,905.00,855.00,879.95,18355.53
RELIANCE,20111108,879.00,892.65,850.10,885.35,9948.87
RELIANCE,20111114,891.40,896.00,787.00,808.10,19458.26
RELIANCE,20111121,800.00,804.45,751.00,753.80,23919.06
RELIANCE,20111128,765.00,815.00,753.10,812.05,21089.50
RELIANCE,20111205,808.35,819.50,752.70,755.70,16162.56
RELIANCE,20111212,760.55,844.60,716.05,721.85,28070.06
RELIANCE,20111219,719.20,769.75,709.20,746.40,22812.88
RELIANCE,20111226,747.05,768.70,689.00,692.95,20391.70
RELIANCE,20120102,696.80,730.95,687.15,717.55,24543.81
RELIANCE,20120109,714.45,753.00,702.45,731.80,21497.30
RELIANCE,20120116,729.95,800.00,711.00,792.65,31249.25
RELIANCE,20120123,755.30,827.90,755.20,820.40,20955.78
RELIANCE,20120130,813.90,842.70,792.20,838.30,24341.55
RELIANCE,20120206,845.90,864.70,824.10,843.25,20175.18
RELIANCE,20120213,841.10,858.80,804.70,818.20,28364.14
RELIANCE,20120221,817.50,857.40,814.50,819.95,22734.12
RELIANCE,20120227,821.80,827.90,765.35,814.10,23865.66
RELIANCE,20120305,812.05,814.00,751.00,773.80,21408.26
RELIANCE,20120312,790.00,830.00,767.35,772.35,21534.70
RELIANCE,20120319,781.00,783.00,732.00,744.05,22137.41
RELIANCE,20120326,743.90,753.00,718.00,750.60,25065.63
RELIANCE,20120402,749.35,762.90,739.05,747.00,9269.04
RELIANCE,20120409,740.05,762.00,726.30,751.55,14190.36
RELIANCE,20120416,747.10,756.80,728.00,730.85,16625.24
RELIANCE,20120423,725.85,749.00,723.70,742.00,18295.83
RELIANCE,20120430,737.50,751.40,722.00,726.45,11314.30
RELIANCE,20120507,715.00,722.00,688.30,697.20,18581.45
RELIANCE,20120514,698.00,702.80,673.05,688.55,16803.65
RELIANCE,20120521,686.50,704.60,679.55,691.20,13340.36
RELIANCE,20120528,692.00,729.05,678.05,685.25,22651.98
RELIANCE,20120604,677.00,731.90,673.40,729.70,20908.43
RELIANCE,20120611,732.70,736.40,711.05,726.75,11265.20
RELIANCE,20120618,730.35,742.95,703.55,711.00,15975.99
RELIANCE,20120625,714.20,740.90,712.00,737.85,14533.63
RELIANCE,20120702,735.50,742.65,728.85,734.85,9952.31
RELIANCE,20120709,729.00,742.00,715.00,718.50,10777.69
RELIANCE,20120716,720.00,729.90,712.20,722.65,11736.64
RELIANCE,20120723,715.00,726.85,706.65,721.00,12454.95
RELIANCE,20120730,723.00,750.90,721.00,742.55,12296.40
RELIANCE,20120806,748.05,799.00,748.05,782.10,22596.42
RELIANCE,20120813,779.50,824.90,779.50,816.10,13407.45
RELIANCE,20120821,816.00,823.90,778.70,782.10,11791.34
RELIANCE,20120827,786.00,797.50,762.70,766.40,15726.13
RELIANCE,20120903,768.00,796.50,760.05,791.75,11623.29
RELIANCE,20120910,800.00,845.70,783.20,841.75,17874.86
RELIANCE,20120917,848.10,881.60,828.25,850.30,25366.45
RELIANCE,20120924,850.00,857.80,824.25,837.20,20558.57
RELIANCE,20121001,840.00,862.00,682.35,857.80,13476.48
RELIANCE,20121008,854.55,854.55,807.40,818.90,14711.46
RELIANCE,20121015,819.00,839.95,797.00,802.80,21376.84
RELIANCE,20121022,795.20,818.70,791.70,798.95,11471.92
RELIANCE,20121029,802.35,814.90,788.70,807.95,13640.20
RELIANCE,20121105,803.65,808.95,785.00,787.65,12330.80
RELIANCE,20121112,785.85,792.65,771.00,775.15,10428.07
RELIANCE,20121119,775.25,780.70,761.10,773.75,12966.86
RELIANCE,20121126,774.90,808.00,771.00,793.70,12163.04
RELIANCE,20121203,795.00,849.70,789.75,834.60,14592.65
RELIANCE,20121210,834.60,846.80,814.50,839.25,12596.81
RELIANCE,20121217,834.50,844.40,822.20,825.25,9815.78
RELIANCE,20121224,825.60,846.00,815.10,840.25,9641.70
RELIANCE,20121231,840.30,864.60,836.80,861.85,13846.93
RELIANCE,20130107,865.70,871.00,836.25,839.90,14547.70
RELIANCE,20130114,841.00,902.95,838.00,900.20,18714.62
RELIANCE,20130121,938.10,955.00,905.10,912.20,23281.25
RELIANCE,20130128,911.35,913.15,880.10,894.00,16313.69
RELIANCE,20130204,896.05,901.00,857.00,863.55,11751.18
RELIANCE,20130211,865.00,888.00,834.10,845.80,12633.17
RELIANCE,20130218,848.00,878.85,834.25,862.60,12754.98
RELIANCE,20130225,864.00,864.95,805.50,810.40,18889.45
RELIANCE,20130304,808.90,854.70,804.90,851.30,13611.51
RELIANCE,20130311,852.10,869.40,835.25,843.65,12825.14
RELIANCE,20130318,835.00,843.50,804.35,810.60,17077.43
RELIANCE,20130325,820.60,823.35,764.40,772.90,13723.65
RELIANCE,20130401,781.00,799.00,764.20,780.10,12266.77
RELIANCE,20130408,778.10,795.60,764.15,775.35,13013.03
RELIANCE,20130415,773.05,810.00,769.20,781.60,18254.21
RELIANCE,20130422,786.00,826.60,778.30,792.40,16439.87
RELIANCE,20130429,793.10,815.90,777.15,800.50,17982.85
RELIANCE,20130506,802.20,835.90,802.20,812.95,12574.55
RELIANCE,20130513,813.35,844.70,795.60,835.50,12995.70
RELIANCE,20130520,837.40,855.00,779.20,786.45,13071.51
RELIANCE,20130527,802.75,849.80,801.00,806.30,23276.14
RELIANCE,20130603,803.70,805.35,779.15,783.60,15589.55
RELIANCE,20130610,789.00,819.85,775.30,814.65,14784.76
RELIANCE,20130617,815.50,837.50,783.60,792.85,18741.12
RELIANCE,20130624,790.00,873.00,778.50,862.60,28822.17
RELIANCE,20130701,862.00,891.80,847.35,880.35,17620.07
RELIANCE,20130708,870.00,896.00,839.00,889.95,17178.66
RELIANCE,20130715,886.00,927.90,883.05,923.70,17285.99
RELIANCE,20130722,915.00,925.00,877.45,890.15,15675.09
RELIANCE,20130729,887.05,898.65,842.60,857.35,13768.34
RELIANCE,20130805,860.00,881.85,830.15,865.65,12603.32
RELIANCE,20130812,869.00,872.85,817.15,826.70,13451.67
RELIANCE,20130819,823.00,834.70,774.20,819.50,18265.25
RELIANCE,20130826,822.50,860.00,763.90,853.85,23111.05
RELIANCE,20130902,853.20,891.70,828.30,868.00,18516.47
RELIANCE,20130910,872.90,901.00,866.25,873.00,13980.11
RELIANCE,20130916,885.95,901.00,852.60,881.90,16911.22
RELIANCE,20130923,872.05,884.55,835.25,839.90,16133.84
RELIANCE,20130930,832.05,859.70,817.70,854.40,10069.01
RELIANCE,20131007,847.60,868.00,836.00,863.35,12454.13
RELIANCE,20131014,865.00,908.00,863.20,905.65,17141.36
RELIANCE,20131021,905.65,915.50,879.35,887.00,12800.14
RELIANCE,20131028,888.00,926.55,883.90,908.25,16254.65
RELIANCE,20131105,903.35,921.70,871.15,875.95,8943.04
RELIANCE,20131111,874.00,882.10,842.10,851.65,8570.49
RELIANCE,20131118,858.10,884.90,839.10,843.75,12011.26
RELIANCE,20131125,847.35,856.85,835.25,853.20,13234.30
RELIANCE,20131202,853.00,877.00,850.65,866.70,10286.91
RELIANCE,20131209,882.10,888.70,857.65,864.70,9375.82
RELIANCE,20131216,860.00,898.00,836.75,895.15,15110.39
RELIANCE,20131223,899.00,909.00,876.90,878.85,10483.55
RELIANCE,20131230,881.00,898.25,855.00,864.25,9309.84
RELIANCE,20140106,862.10,876.30,840.05,858.15,15201.45
RELIANCE,20140113,868.25,896.90,868.00,884.75,16068.51
RELIANCE,20140120,886.90,889.00,858.15,867.65,13839.91
RELIANCE,20140127,856.00,860.80,822.20,831.15,14042.82
RELIANCE,20140203,826.20,829.80,806.90,814.45,11697.52
RELIANCE,20140210,815.25,825.60,802.75,822.05,11579.87
RELIANCE,20140217,817.65,822.00,803.10,811.50,8052.46
RELIANCE,20140224,808.05,816.85,793.10,799.95,10605.78
RELIANCE,20140303,800.10,874.00,797.15,869.40,17424.89
RELIANCE,20140310,865.10,903.65,863.40,886.15,20308.11
RELIANCE,20140318,889.50,913.35,882.15,885.80,19926.55
RELIANCE,20140324,891.25,919.95,872.50,916.15,33830.68
RELIANCE,20140331,916.25,962.95,913.20,944.25,22912.60
RELIANCE,20140407,944.00,973.90,934.35,953.75,11128.65
RELIANCE,20140415,950.00,961.80,936.60,959.10,6741.28
RELIANCE,20140421,969.95,988.75,946.00,948.25,13644.06
RELIANCE,20140428,949.80,960.00,926.00,928.10,11079.16
RELIANCE,20140505,925.00,999.00,925.00,997.60,15672.65
RELIANCE,20140512,994.90,1145.25,994.10,1079.25,34421.21
RELIANCE,20140519,1091.00,1132.00,1073.75,1127.45,23683.65
RELIANCE,20140526,1132.50,1140.00,1060.00,1064.70,19121.40
RELIANCE,20140602,1074.75,1133.00,1064.25,1122.40,17783.96
RELIANCE,20140609,1130.00,1132.70,1072.70,1081.90,16192.16
RELIANCE,20140616,1084.00,1101.65,1031.60,1036.50,19518.81
RELIANCE,20140623,1037.00,1062.80,1006.70,1012.10,16213.27
RELIANCE,20140630,1012.55,1036.80,1000.00,1031.95,15346.12
RELIANCE,20140707,1033.00,1037.00,963.65,966.50,18924.62
RELIANCE,20140714,968.60,998.20,958.50,976.75,14132.65
RELIANCE,20140721,1000.00,1043.30,995.05,1021.85,18836.42
RELIANCE,20140728,1021.00,1023.55,975.00,976.30,14066.70
RELIANCE,20140804,981.00,998.60,971.00,980.50,14452.65
RELIANCE,20140811,985.15,1005.00,976.35,1002.95,9698.53
RELIANCE,20140818,1001.10,1023.00,990.10,998.30,13771.17
RELIANCE,20140825,1000.00,1008.50,983.00,998.70,9442.56
RELIANCE,20140901,1004.35,1035.95,995.60,1025.65,16709.92
RELIANCE,20140908,1033.90,1041.30,1008.00,1015.60,11859.24
RELIANCE,20140915,1009.10,1015.80,976.50,995.45,13515.57
RELIANCE,20140922,993.00,996.00,917.30,933.25,20569.21
RELIANCE,20140929,936.95,948.45,925.05,927.20,8864.35
RELIANCE,20141007,927.25,969.00,921.15,960.65,11169.10
RELIANCE,20141013,961.80,979.00,925.20,937.90,15381.42
RELIANCE,20141020,938.50,954.50,911.55,952.70,12495.82
RELIANCE,20141027,963.95,1003.70,926.10,1000.55,22045.51
RELIANCE,20141103,1004.00,1009.00,978.05,980.50,9083.86
RELIANCE,20141110,982.80,989.80,963.40,969.15,10362.65
RELIANCE,20141117,966.00,1001.00,966.00,997.70,12530.05
RELIANCE,20141124,1000.20,1017.35,973.30,991.60,16766.31
RELIANCE,20141201,989.00,991.95,955.10,957.35,13131.79
RELIANCE,20141208,960.00,962.85,879.35,882.35,17046.77
RELIANCE,20141215,877.95,908.40,859.70,900.55,20425.83
RELIANCE,20141222,902.00,906.80,880.00,888.85,10573.86
RELIANCE,20141229,888.50,899.05,877.10,885.55,8530.51
RELIANCE,20150105,885.00,890.90,832.00,860.30,18907.77
RELIANCE,20150112,860.50,875.00,831.20,869.70,15427.74
RELIANCE,20150119,870.20,911.40,858.75,886.90,19563.91
RELIANCE,20150127,892.90,934.50,880.50,915.25,21738.82
RELIANCE,20150202,916.05,943.80,903.00,909.90,16430.43
RELIANCE,20150209,901.20,920.80,861.30,917.50,11057.72
RELIANCE,20150216,918.70,924.20,871.30,873.10,11513.64
RELIANCE,20150223,869.95,876.75,836.60,855.55,20445.38
RELIANCE,20150302,869.00,909.65,855.55,884.95,13808.52
RELIANCE,20150309,885.10,891.75,847.00,850.10,15007.37
RELIANCE,20150316,851.50,876.70,840.30,854.10,15205.42
RELIANCE,20150323,856.50,864.00,801.45,811.70,17533.09
RELIANCE,20150330,816.60,839.00,796.45,836.05,11921.65
RELIANCE,20150406,836.00,908.80,821.40,904.35,25379.68
RELIANCE,20150413,906.80,944.30,898.75,926.85,19782.64
RELIANCE,20150420,937.30,937.45,867.00,878.90,21976.94
RELIANCE,20150427,880.05,887.50,847.40,862.35,17582.71
RELIANCE,20150504,866.20,901.80,860.00,889.70,20390.41
RELIANCE,20150511,892.85,899.45,857.20,873.95,15595.56
RELIANCE,20150518,874.90,915.40,872.20,903.85,11927.02
RELIANCE,20150525,900.00,908.00,872.00,877.00,18291.73
RELIANCE,20150601,880.00,918.80,878.00,907.75,19273.67
RELIANCE,20150608,906.80,910.00,873.65,889.85,15939.09
RELIANCE,20150615,894.90,1006.40,890.00,996.65,33852.77
RELIANCE,20150622,996.95,1014.10,985.00,1000.70,23349.00
RELIANCE,20150629,987.90,1019.75,972.00,1007.20,20101.69
RELIANCE,20150706,996.10,1018.90,983.15,1001.80,16247.65
RELIANCE,20150713,1001.80,1031.15,995.15,1021.70,13345.95
RELIANCE,20150720,1027.80,1067.85,1002.75,1025.05,14474.74
RELIANCE,20150727,1024.90,1029.90,990.00,1001.85,17515.81
RELIANCE,20150803,1001.00,1013.85,977.15,984.35,12242.14
RELIANCE,20150810,984.50,988.80,929.40,966.95,11379.19
RELIANCE,20150817,966.00,966.00,897.00,907.95,14954.75
RELIANCE,20150824,880.00,883.00,818.00,872.40,32427.55
RELIANCE,20150831,872.85,872.85,825.10,835.90,20542.07
RELIANCE,20150907,838.25,878.70,825.10,860.95,14214.45
RELIANCE,20150914,861.75,899.50,851.90,895.40,15351.67
RELIANCE,20150921,880.00,888.20,834.75,837.35,16635.36
RELIANCE,20150928,839.80,873.95,826.10,864.70,12214.01
RELIANCE,20151005,862.80,918.05,861.85,887.35,13701.71
RELIANCE,20151012,888.00,914.80,882.90,912.15,10211.49
RELIANCE,20151019,941.00,974.80,941.00,955.65,17865.06
RELIANCE,20151026,961.90,963.00,929.90,947.70,13976.96
RELIANCE,20151102,949.00,975.00,933.00,952.40,10917.91
RELIANCE,20151109,933.50,965.00,914.50,933.05,9945.78
RELIANCE,20151116,926.00,952.80,909.95,946.85,13411.29
RELIANCE,20151123,950.00,992.50,946.20,979.05,13715.76
RELIANCE,20151130,978.50,988.95,961.25,965.45,17207.58
RELIANCE,20151207,965.45,973.00,912.85,952.95,15529.53
RELIANCE,20151214,947.60,1015.00,946.00,991.90,16861.49
RELIANCE,20151221,987.90,1007.20,984.00,1000.55,11139.40
RELIANCE,20151228,1000.60,1019.70,999.10,1015.35,13681.09
RELIANCE,20160106,1007.60,1038.40,1000.40,1025.75,15500.91
RELIANCE,20160111,1015.95,1089.75,1011.00,1073.30,41323.88
RELIANCE,20160118,1075.00,1083.95,976.70,1004.15,34129.64
RELIANCE,20160125,1010.00,1040.00,996.95,1035.40,16595.69
RELIANCE,20160201,1039.95,1041.80,961.40,970.90,18191.51
RELIANCE,20160208,971.10,984.80,888.10,906.55,21715.23
RELIANCE,20160215,918.00,968.70,916.40,944.35,16553.81
RELIANCE,20160222,944.10,968.30,940.85,950.35,18314.81
RELIANCE,20160229,951.30,1018.00,935.00,1006.40,21134.72
RELIANCE,20160308,1007.50,1045.90,1007.50,1014.50,13967.18
RELIANCE,20160314,1019.10,1036.90,1005.45,1027.20,14696.98
RELIANCE,20160321,1027.95,1052.25,1022.40,1029.20,10251.47
RELIANCE,20160328,1030.00,1056.00,1015.65,1034.45,20940.33
RELIANCE,20160404,1040.00,1054.45,1022.10,1036.35,10991.14
RELIANCE,20160411,1037.00,1069.90,1033.00,1066.05,8574.56
RELIANCE,20160418,1065.80,1069.20,1029.30,1038.95,14592.62
RELIANCE,20160425,1044.45,1044.45,978.85,982.70,42863.49
RELIANCE,20160502,979.00,994.95,967.00,968.95,17864.46
RELIANCE,20160509,975.00,994.20,970.00,978.15,14256.69
RELIANCE,20160516,977.00,983.10,931.35,934.20,13119.12
RELIANCE,20160523,937.35,976.90,925.65,974.70,15424.95
RELIANCE,20160530,976.40,981.50,945.10,959.65,13922.16
RELIANCE,20160606,961.00,984.40,949.15,976.70,16394.65
RELIANCE,20160613,969.90,986.50,963.05,974.90,11926.21
RELIANCE,20160620,972.15,994.15,933.40,951.45,16527.25
RELIANCE,20160627,940.50,977.50,940.50,973.45,9980.13
RELIANCE,20160704,975.50,1002.90,975.50,978.40,8762.30
RELIANCE,20160711,991.00,1021.00,985.50,1012.20,13189.42
RELIANCE,20160718,1028.00,1038.75,995.30,1014.85,17059.64
RELIANCE,20160725,1014.00,1034.80,1007.35,1014.90,12578.74
RELIANCE,20160801,1018.00,1020.30,983.40,1016.25,11396.54
RELIANCE,20160808,1019.90,1042.90,999.60,1035.80,16196.02
RELIANCE,20160816,1036.25,1044.80,1007.10,1014.90,10236.33
RELIANCE,20160822,1012.00,1030.80,1005.00,1027.90,10817.62
RELIANCE,20160829,1027.25,1074.00,1002.30,1013.35,29351.24
RELIANCE,20160906,1019.90,1049.90,1013.05,1044.55,11866.72
RELIANCE,20160912,1030.40,1093.85,1029.15,1075.55,28112.36
RELIANCE,20160919,1072.55,1109.45,1069.00,1102.80,20343.92
RELIANCE,20160926,1103.40,1129.55,1066.30,1083.70,26256.97
